image: pxy_warehouse.pgm
resolution: 0.050000
origin: [-18.600000, -12.200000, 0.000000]
negate: 0
occupied_thresh: 0.65
free_thresh: 0.196

